#Mission Info

$Version: 0.10
$Name: On the Edge of Chaos
$Author: Ronald Chang
$Created: 11/07/99 at 07:01:38
$Modified: 12/21/99 at 16:09:50
$Notes:












































































































































This is a FRED created mission
$End Notes:

$Mission Desc:
Attack on a Shivan cargo depot.  Try to capture Shivan cargo containers with a strange mineral inside....$end_multi_text

+Game Type Flags: 1

+Flags: 0

+Red Alert: 0

+Scramble: 0

+Disallow Support: 0

+Player Entry Delay:
5.000000

+Viewer pos: -872.514832, 5056.824219, -8889.841797
+Viewer orient:
	1.000000, 0.000000, 0.000000,
	0.000000, 0.866025, 0.500000,
	0.000000, -0.500000, 0.866025

#Plot Info

$Tour: Blah
$Pre-Briefing Cutscene: Blah
$Pre-Mission Cutscene: Blah
$Next Mission Success: Blah
$Next Mission Partial: Blah
$Next Mission Failure: Blah

#Command Briefing

$Stage Text:
* GTD Bastion
* Vega System
* 7/16/35

Repair of the Sol Node

After two months of hard work, our scientists at Sol have stabilized the Delta Serpentis-Sol subspace node.  I would like to welcome back the four wings that destroyed the Lucifer.  They have been serving under Admiral Hunter for the past two months.

$end_multi_text
$Ani Filename: cb_subtrack.clr
+Wave Filename: none

$Stage Text:
State of Shivan Forces

The Shivans have literally disappeared from the front lines since the destruction of the Lucifer.  Fighter patrols have came into contact with Shivan fighters and cruisers, but no destroyers.  We believe that the Shivans are regrouping and they will return to offensive attacks soon.

$end_multi_text
$Ani Filename: cb_shiversubkilla.clr
+Wave Filename: none

$Stage Text:
Shivan Mining Colony

Intelligence has discovered a Shivan mining colony on the star Capella.  Capella is in Shivan controlled space.  A drone sent to a Shivan cargo depot has been able to give us some information about the mineral, but not enough to find it ourselves. Intelligence has devised a cunning plan to capture some of the mineral.  However, the Bastion can only go to the Vega system.  Due to the large amount of Shivan activity in the system, you'll be on your own in Capella.

$end_multi_text
$Ani Filename: <default>
+Wave Filename: none

#Briefing
$start_briefing
$num_stages: 6
$start_stage
$multi_text
A Shivan supply depot has been discovered in the $h Capella system.  Long range scanners indicate that some of the cargo contain the unusual mineral discovered by the GTI.
$end_multi_text
$voice: none.wav
$camera_pos: -0.250646, 2896.204102, -6017.116211
$camera_orient:
	1.000000, 0.000000, 0.000000,
	0.000000, 0.866025, 0.500000,
	0.000000, -0.500000, 0.866025
$camera_time: 500
$num_lines: 0
$num_icons: 1
$Flags: 0
$Formula: ( true ) 
$start_icon
$type: 3
$team: Hostile
$class: SC 5
$pos: 8.178213, 0.000781, 19.143826
$label: Shivan Cargo
+id: 10
$hlight: 0
$multi_text
$end_multi_text
$end_icon
$end_stage
$start_stage
$multi_text
It is protected by one Lilith class cruiser, the $h Tyannis, and $h Krishna wing.
$end_multi_text
$voice: none.wav
$camera_pos: -0.250646, 2896.204102, -6017.116211
$camera_orient:
	1.000000, 0.000000, 0.000000,
	0.000000, 0.866025, 0.500000,
	0.000000, -0.500000, 0.866025
$camera_time: 500
$num_lines: 0
$num_icons: 3
$Flags: 0
$Formula: ( true ) 
$start_icon
$type: 18
$team: Hostile
$class: SC Lilith
$pos: -765.202148, 0.002542, -1606.059937
$label: SC Tyannis
+id: 2
$hlight: 1
$multi_text
$end_multi_text
$end_icon
$start_icon
$type: 1
$team: Hostile
$class: SF Scorpion
$pos: 517.079590, 0.000420, -1544.951050
$label: Krishna
+id: 3
$hlight: 1
$multi_text
$end_multi_text
$end_icon
$start_icon
$type: 3
$team: Hostile
$class: SC 5
$pos: 8.178213, 0.000781, 19.143826
$label: Shivan Cargo
+id: 10
$hlight: 0
$multi_text
$end_multi_text
$end_icon
$end_stage
$start_stage
$multi_text
Your strike force will consist of $f Alpha and $f Beta wings.  $f Beta will attack the $h Tyannis.  $f Alpha will cover $f Beta and engage $h Krishna wing.  DO NOT destroy any cargo.  Intelligence has requested that you do a short range scan of the cargo.
$end_multi_text
$voice: none.wav
$camera_pos: -0.250646, 2896.204102, -6017.116211
$camera_orient:
	1.000000, 0.000000, 0.000000,
	0.000000, 0.866025, 0.500000,
	0.000000, -0.500000, 0.866025
$camera_time: 500
$num_lines: 0
$num_icons: 5
$Flags: 0
$Formula: ( true ) 
$start_icon
$type: 18
$team: Hostile
$class: SC Lilith
$pos: -892.538513, 0.002572, -654.604614
$label: SC Tyannis
+id: 2
$hlight: 0
$multi_text
$end_multi_text
$end_icon
$start_icon
$type: 1
$team: Hostile
$class: SF Scorpion
$pos: 888.433899, 0.000383, -622.090210
$label: Krishna
+id: 3
$hlight: 0
$multi_text
$end_multi_text
$end_icon
$start_icon
$type: 1
$team: Friendly
$class: GTF Ulysses
$pos: 740.458557, -0.000739, -1948.601196
$label: Alpha
+id: 4
$hlight: 1
$multi_text
$end_multi_text
$end_icon
$start_icon
$type: 17
$team: Friendly
$class: GTB Medusa
$pos: -754.130920, 0.000628, -1991.383057
$label: Beta
+id: 5
$hlight: 1
$multi_text
$end_multi_text
$end_icon
$start_icon
$type: 3
$team: Hostile
$class: SC 5
$pos: 8.178213, 0.000781, 19.143826
$label: Shivan Cargo
+id: 10
$hlight: 0
$multi_text
$end_multi_text
$end_icon
$end_stage
$start_stage
$multi_text
It is likely that there will be freighters transporting cargo.  You must destroy them.  If any ship gets away, the Shivans will most likely send large amounts of reinforcements.
$end_multi_text
$voice: none.wav
$camera_pos: -0.250646, 2896.204102, -6017.116211
$camera_orient:
	1.000000, 0.000000, 0.000000,
	0.000000, 0.866025, 0.500000,
	0.000000, -0.500000, 0.866025
$camera_time: 500
$num_lines: 0
$num_icons: 4
$Flags: 0
$Formula: ( true ) 
$start_icon
$type: 1
$team: Friendly
$class: GTF Ulysses
$pos: 737.598328, 0.001061, -1872.173096
$label: Alpha
+id: 4
$hlight: 0
$multi_text
$end_multi_text
$end_icon
$start_icon
$type: 17
$team: Friendly
$class: GTB Medusa
$pos: 1489.556396, 0.000584, -1916.094116
$label: Beta
+id: 5
$hlight: 0
$multi_text
$end_multi_text
$end_icon
$start_icon
$type: 14
$team: Hostile
$class: SFR Mephisto
$pos: 1370.616943, -0.000794, 97.651535
$label: Freighters
+id: 9
$hlight: 1
$multi_text
$end_multi_text
$end_icon
$start_icon
$type: 3
$team: Hostile
$class: SC 5
$pos: 8.178213, 0.000781, 19.143826
$label: Shivan Cargo
+id: 10
$hlight: 0
$multi_text
$end_multi_text
$end_icon
$end_stage
$start_stage
$multi_text
Once the area has been secured, freighters will jump in and dock with the cargo.  Don't forget that we are deep in Shivan space.  Anything can happen.  Protect the freighters until they depart.
$end_multi_text
$voice: none.wav
$camera_pos: -0.250646, 2896.204102, -6017.116211
$camera_orient:
	1.000000, 0.000000, 0.000000,
	0.000000, 0.866025, 0.500000,
	0.000000, -0.500000, 0.866025
$camera_time: 500
$num_lines: 0
$num_icons: 4
$Flags: 0
$Formula: ( true ) 
$start_icon
$type: 1
$team: Friendly
$class: GTF Ulysses
$pos: -1591.626709, 0.000641, -1724.692261
$label: Alpha
+id: 4
$hlight: 0
$multi_text
$end_multi_text
$end_icon
$start_icon
$type: 17
$team: Friendly
$class: GTB Medusa
$pos: -755.128784, 0.000172, -1838.788696
$label: Beta
+id: 5
$hlight: 0
$multi_text
$end_multi_text
$end_icon
$start_icon
$type: 13
$team: Friendly
$class: GTFR Poseidon
$pos: -1596.564941, -0.000660, 117.528221
$label: Freighters
+id: 6
$hlight: 1
$multi_text
$end_multi_text
$end_icon
$start_icon
$type: 3
$team: Hostile
$class: SC 5
$pos: 8.178213, 0.000781, 19.143826
$label: Shivan Cargo
+id: 10
$hlight: 0
$multi_text
$end_multi_text
$end_icon
$end_stage
$start_stage
$multi_text
If an ambush does occur, fighter and bomber wings will be sent by Terren Command to assist.
$end_multi_text
$voice: none.wav
$camera_pos: -0.250646, 2896.204102, -6017.116211
$camera_orient:
	1.000000, 0.000000, 0.000000,
	0.000000, 0.866025, 0.500000,
	0.000000, -0.500000, 0.866025
$camera_time: 500
$num_lines: 0
$num_icons: 5
$Flags: 0
$Formula: ( true ) 
$start_icon
$type: 1
$team: Friendly
$class: GTF Ulysses
$pos: -1057.446655, 0.000203, 301.089600
$label: Alpha
+id: 4
$hlight: 0
$multi_text
$end_multi_text
$end_icon
$start_icon
$type: 17
$team: Friendly
$class: GTB Medusa
$pos: -755.128784, 0.000172, -1838.788696
$label: Beta
+id: 5
$hlight: 0
$multi_text
$end_multi_text
$end_icon
$start_icon
$type: 1
$team: Friendly
$class: GTF Hercules
$pos: 751.457581, -0.000109, -2054.369141
$label: Epsilon
+id: 7
$hlight: 1
$multi_text
$end_multi_text
$end_icon
$start_icon
$type: 17
$team: Friendly
$class: GTB Medusa
$pos: 1045.534790, -12.069095, 143.091141
$label: Delta
+id: 8
$hlight: 1
$multi_text
$end_multi_text
$end_icon
$start_icon
$type: 21
$team: Hostile
$class: SF Scorpion
$pos: 21.714304, 0.000054, -993.424805
$label: Shivans
+id: 11
$hlight: 1
$multi_text
$end_multi_text
$end_icon
$end_stage
$end_briefing

#Debriefing_info

$Num stages: 10

$Formula: ( and
   ( is-goal-false-delay
      "Capture cargo"
      0
   )
   ( is-event-true-delay "return" 0 ) 
)
$Multi text
   The cargo has been destroyed.  That cargo was very important, but the Shivans destroyed it.  You did a good job, but there were just too many of them. However, we now know that a wing of freighters escaped, and they were carrying the mineral.  An attack is being planned to recover the cargo.
$end_multi_text
$Voice: none.wav
$Recommendation text:
   There was nothing you could have done.  There were just too many fighters.
$end_multi_text

$Formula: ( and
   ( is-goal-true-delay
      "Scan the Cargo"
      0
   )
   ( is-event-true-delay "Scan Cargo" 0 ) 
)
$Multi text
   You did a good job scanning the Shivan cargo containers.  You brought back valuable information about the mineral.  Well done, pilot.
$end_multi_text
$Voice: none.wav
$Recommendation text:
   
$end_multi_text

$Formula: ( and
   ( is-goal-false-delay
      "Scan the Cargo"
      0
   )
   ( is-event-true-delay "return" 0 ) 
)
$Multi text
   You didn't even scan one cargo container.  That mission was of grave importance pilot, but you failed. That information was vital to the GTA.  You are relieved of all duties on the Bastion.
$end_multi_text
$Voice: none.wav
$Recommendation text:
   Scan the containers once you arrive.
$end_multi_text

$Formula: ( is-goal-true-delay
   "Destroy the Tyannis"
   0
)
$Multi text
   Great job destroying the Tyannis.  That's one more Shivan cruiser we don't have to worry about.  You did a spetacular job in a crisis.
$end_multi_text
$Voice: none.wav
$Recommendation text:
   
$end_multi_text

$Formula: ( is-goal-false-delay
   "Destroy the Tyannis"
   0
)
$Multi text
   The Tyannis got away from us.  That cruiser was to be destroyed.  It was in your original orders.  This action could have been avoided.
$end_multi_text
$Voice: none.wav
$Recommendation text:
   Tell your bombers to disable the Tyannis, then destroy it.  Have a few wingmen protect the bombers.
$end_multi_text

$Formula: ( and
   ( is-goal-true-delay
      "Destroy the SC Scimitar"
      0
   )
   ( is-goal-true-delay
      "Destroy the SC Hydrus"
      0
   )
)
$Multi text
   The Scimitar and the Hydrus have both been destroyed.  That was an unbelievable feat, pilot.  You handle a crisis better than a lot of pilots I know.  Again, a most excellent job.
$end_multi_text
$Voice: none.wav
$Recommendation text:
   
$end_multi_text

$Formula: ( and
   ( is-goal-true-delay
      "Destroy the SC Scimitar"
      0
   )
   ( is-goal-false-delay
      "Destroy the SC Hydrus"
      0
   )
)
$Multi text
   The Scimitar has been destroyed.  You did an outstanding job in the ambush.  Destroying one of the two cruisers was as much as we could of hoped for.
$end_multi_text
$Voice: none.wav
$Recommendation text:
   Have your bombers deiable the Hydrus first, then destroy it.  have a few wingmen guard the bombers.
$end_multi_text

$Formula: ( and
   ( is-goal-false-delay
      "Destroy the SC Scimitar"
      0
   )
   ( is-goal-true-delay
      "Destroy the SC Hydrus"
      0
   )
)
$Multi text
   The Hydrus has been destoryed.  Great job pilot.  Destroying one of the two cruisers was an amazing accomplishment, considering the Shivan ambush.
$end_multi_text
$Voice: none.wav
$Recommendation text:
   Disable the Scimitar first, then destroy it.
$end_multi_text

$Formula: ( and
   ( and
      ( is-goal-false-delay
         "Destroy the SC Scimitar"
         0
      )
      ( is-goal-false-delay
         "Destroy the SC Hydrus"
         0
      )
   )
   ( has-arrived-delay 0 "SC Hydrus" ) 
)
$Multi text
   Both the Scimitar and the Hydrus have escaped.  Those cruisers ambushed you, so it's not your fault.  Still, it would have been better if you destroyed one cruiser.
$end_multi_text
$Voice: none.wav
$Recommendation text:
   Disable the cruisers first, then destroy them.  Have a few wingmen guard the bombers.
$end_multi_text

$Formula: ( is-event-false-delay "return" 0 ) 
$Multi text
   You left battle before you were able to capture the cargo.  That was a cowardly act of you, pilot.  We have no choice but to kick you off the Bastion.
$end_multi_text
$Voice: none.wav
$Recommendation text:
   Don't leave battle until all objectives are completed.
$end_multi_text

#Players		;! 1 total

$Starting Shipname: Alpha 1
$Ship Choices: (
	"GTF Ulysses"	1
	"GTF Apollo"	5
	"GTF Valkyrie"	5
	"GTF Hercules"	5
	"GTB Athena"	5
	"GTB Medusa"	1
)

+Weaponry Pool: (
	"ML-16 Laser"	25
	"Disruptor"	20
	"Avenger"	19
	"Flail"	15
	"Prometheus"	14
	"Banshee"	10
	"MX-50"	60
	"Fury"	299
	"Hornet"	450
	"Interceptor"	60
	"Phoenix V"	20
	"Synaptic"	10
	"Stiletto"	20
	"Tsunami"	58
)

#Objects		;! 64 total

$Name: Alpha 1		;! Object #0
$Class: GTF Ulysses
$Team: Friendly
$Location: -706.408447, -0.003436, -3315.294434
$Orientation:
	1.000000, 0.000000, 0.000000,
	0.000000, 1.000000, 0.000000,
	0.000000, 0.000000, 1.000000
$IFF: IFF 1
$AI Behavior: None
$Cargo 1: Nothing
+Initial Velocity: 33
+Initial Hull: 100
+Subsystem: Pilot
+Primary Banks: ( "Prometheus" "Avenger" )
+Secondary Banks: ( "Hornet" )
$Arrival Location: Hyperspace
$Arrival Cue: ( false ) 
$Departure Location: Hyperspace
$Departure Cue: ( false ) 
$Determination: 10
+Flags: ( "cargo-known" "player-start" )
+Group: 0
+Score: 12

$Name: Alpha 2		;! Object #1
$Class: GTF Ulysses
$Team: Friendly
$Location: -812.135254, -0.003596, -3504.013184
$Orientation:
	1.000000, 0.000000, 0.000000,
	0.000000, 1.000000, 0.000000,
	0.000000, 0.000000, 1.000000
$IFF: IFF 1
$AI Behavior: None
+AI Class: Major
$Cargo 1: Nothing
+Initial Velocity: 33
+Initial Hull: 100
+Subsystem: Pilot
+Primary Banks: ( "Prometheus" "Avenger" )
+Secondary Banks: ( "Hornet" )
$Arrival Location: Hyperspace
$Arrival Cue: ( false ) 
$Departure Location: Hyperspace
$Departure Cue: ( false ) 
$Determination: 10
+Flags: ( "cargo-known" )
+Group: 0
+Score: 10

$Name: Alpha 3		;! Object #2
$Class: GTF Ulysses
$Team: Friendly
$Location: -607.060852, -0.003402, -3521.086914
$Orientation:
	1.000000, 0.000000, 0.000000,
	0.000000, 1.000000, 0.000000,
	0.000000, 0.000000, 1.000000
$IFF: IFF 1
$AI Behavior: None
+AI Class: Major
$Cargo 1: Nothing
+Initial Velocity: 33
+Initial Hull: 100
+Subsystem: Pilot
+Primary Banks: ( "Prometheus" "Avenger" )
+Secondary Banks: ( "Hornet" )
$Arrival Location: Hyperspace
$Arrival Cue: ( false ) 
$Departure Location: Hyperspace
$Departure Cue: ( false ) 
$Determination: 10
+Flags: ( "cargo-known" )
+Group: 0
+Score: 10

$Name: Beta 1		;! Object #3
$Class: GTB Medusa
$Team: Friendly
$Location: -258.077881, 166.601959, -3305.590576
$Orientation:
	1.000000, 0.000000, 0.000000,
	0.000000, 1.000000, 0.000000,
	0.000000, 0.000000, 1.000000
$IFF: IFF 1
$AI Behavior: None
+AI Class: Major
$Cargo 1: Nothing
+Initial Velocity: 33
+Initial Hull: 100
+Subsystem: Pilot
+Primary Banks: ( "Prometheus" )
+Secondary Banks: ( "Hornet" "Tsunami" "Tsunami" )
+Subsystem: turret01a
$Arrival Location: Hyperspace
$Arrival Cue: ( false ) 
$Departure Location: Hyperspace
$Departure Cue: ( false ) 
$Determination: 10
+Flags: ( "cargo-known" )
+Group: 0
+Score: 17

$Name: Beta 2		;! Object #4
$Class: GTB Medusa
$Team: Friendly
$Location: -392.700012, 160.000000, -3502.500000
$Orientation:
	1.000000, 0.000000, 0.000000,
	0.000000, 1.000000, 0.000000,
	0.000000, 0.000000, 1.000000
$IFF: IFF 1
$AI Behavior: None
+AI Class: Major
$Cargo 1: Nothing
+Initial Velocity: 33
+Initial Hull: 100
+Subsystem: Pilot
+Primary Banks: ( "Prometheus" )
+Secondary Banks: ( "Hornet" "Tsunami" "Tsunami" )
+Subsystem: turret01a
$Arrival Location: Hyperspace
$Arrival Cue: ( false ) 
$Departure Location: Hyperspace
$Departure Cue: ( false ) 
$Determination: 10
+Flags: ( "cargo-known" )
+Group: 0
+Score: 17

$Name: Beta 3		;! Object #5
$Class: GTB Medusa
$Team: Friendly
$Location: -152.497696, 162.835037, -3508.795654
$Orientation:
	1.000000, 0.000000, 0.000000,
	0.000000, 1.000000, 0.000000,
	0.000000, 0.000000, 1.000000
$IFF: IFF 1
$AI Behavior: None
+AI Class: Major
$Cargo 1: Nothing
+Initial Velocity: 33
+Initial Hull: 100
+Subsystem: Pilot
+Primary Banks: ( "Prometheus" )
+Secondary Banks: ( "Hornet" "Tsunami" "Tsunami" )
+Subsystem: turret01a
$Arrival Location: Hyperspace
$Arrival Cue: ( false ) 
$Departure Location: Hyperspace
$Departure Cue: ( false ) 
$Determination: 10
+Flags: ( "cargo-known" )
+Group: 0
+Score: 17

$Name: SC 4		;! Object #6
$Class: SC 5
$Team: Friendly
$Location: -96.338188, 186.344147, -0.823658
$Orientation:
	1.000000, 0.000000, 0.000000,
	0.000000, 1.000000, 0.000000,
	0.000000, 0.000000, 1.000000
$IFF: IFF 1
$AI Behavior: None
$Cargo 1: Engine Parts
+Initial Velocity: 33
+Initial Hull: 100
+Initial Shields: 100
+Subsystem: Pilot
$Arrival Location: Hyperspace
$Arrival Cue: ( true ) 
$Departure Location: Hyperspace
$Departure Cue: ( false ) 
$Determination: 10
+Flags: ( "no-shields" )
+Group: 0

$Name: SC 5		;! Object #7
$Class: SC 5
$Team: Friendly
$Location: -96.028305, 104.537888, -0.822496
$Orientation:
	1.000000, 0.000000, 0.000000,
	0.000000, 1.000000, 0.000000,
	0.000000, 0.000000, 1.000000
$IFF: IFF 1
$AI Behavior: None
$Cargo 1: Weapons
+Initial Velocity: 33
+Initial Hull: 100
+Initial Shields: 100
+Subsystem: Pilot
$Arrival Location: Hyperspace
$Arrival Cue: ( true ) 
$Departure Location: Hyperspace
$Departure Cue: ( false ) 
$Determination: 10
+Flags: ( "no-shields" )
+Group: 0

$Name: SC 6		;! Object #8
$Class: SC 5
$Team: Friendly
$Location: -93.673622, -0.000043, 2.913856
$Orientation:
	1.000000, 0.000000, 0.000000,
	0.000000, 1.000000, 0.000000,
	0.000000, 0.000000, 1.000000
$IFF: IFF 1
$AI Behavior: None
$Cargo 1: Shield Systems
+Initial Velocity: 33
+Initial Hull: 100
+Initial Shields: 100
+Subsystem: Pilot
$Arrival Location: Hyperspace
$Arrival Cue: ( true ) 
$Departure Location: Hyperspace
$Departure Cue: ( false ) 
$Determination: 10
+Flags: ( "no-shields" )
+Group: 0

$Name: SC 7		;! Object #9
$Class: SC 5
$Team: Friendly
$Location: -96.965698, -160.733002, 15.523896
$Orientation:
	1.000000, 0.000000, 0.000000,
	0.000000, 1.000000, 0.000000,
	0.000000, 0.000000, 1.000000
$IFF: IFF 1
$AI Behavior: None
$Cargo 1: Engine Parts
+Initial Velocity: 33
+Initial Hull: 100
+Initial Shields: 100
+Subsystem: Pilot
$Arrival Location: Hyperspace
$Arrival Cue: ( true ) 
$Departure Location: Hyperspace
$Departure Cue: ( false ) 
$Determination: 10
+Flags: ( "no-shields" )
+Group: 0

$Name: SC 8		;! Object #10
$Class: SC 5
$Team: Friendly
$Location: -96.553886, -341.140594, -13.313219
$Orientation:
	1.000000, 0.000000, 0.000000,
	0.000000, 1.000000, 0.000000,
	0.000000, 0.000000, 1.000000
$IFF: IFF 1
$AI Behavior: None
$Cargo 1: Unknown Mineral
+Initial Velocity: 33
+Initial Hull: 100
+Initial Shields: 100
+Subsystem: Pilot
$Arrival Location: Hyperspace
$Arrival Cue: ( true ) 
$Departure Location: Hyperspace
$Departure Cue: ( false ) 
$Determination: 10
+Flags: ( "no-shields" )
+Group: 0

$Name: SC 9		;! Object #11
$Class: SC 5
$Team: Friendly
$Location: -365.636139, 6.498948, -11.572911
$Orientation:
	1.000000, 0.000000, 0.000000,
	0.000000, 1.000000, 0.000000,
	0.000000, 0.000000, 1.000000
$IFF: IFF 1
$AI Behavior: None
$Cargo 1: Unknown Mineral
+Initial Velocity: 33
+Initial Hull: 100
+Initial Shields: 100
+Subsystem: Pilot
$Arrival Location: Hyperspace
$Arrival Cue: ( true ) 
$Departure Location: Hyperspace
$Departure Cue: ( false ) 
$Determination: 10
+Flags: ( "no-shields" )
+Group: 0

$Name: Durga 1		;! Object #12
$Class: SFR Mephisto
$Team: Hostile
$Location: 1564.406372, 498.978088, 42.973362
$Orientation:
	0.996170, 0.000000, -0.087442,
	-0.000523, 0.999982, -0.005951,
	0.087440, 0.005974, 0.996152
$IFF: IFF 1
$AI Behavior: None
$Cargo 1: Nothing
+Initial Velocity: 33
+Initial Hull: 100
+Initial Shields: 100
+Subsystem: Pilot
+Subsystem: turret01
+Subsystem: turret02
+Subsystem: turret03
+Subsystem: turret04
$Arrival Location: Hyperspace
$Arrival Cue: ( false ) 
$Departure Location: Hyperspace
$Departure Cue: ( false ) 
$Determination: 10
+Flags: ( "no-shields" )
+Orders Accepted: 0		;! note that this is a bitfield!!!
+Group: 0
+Score: 30

$Name: Durga 2		;! Object #13
$Class: SFR Mephisto
$Team: Hostile
$Location: 1517.028198, 600.740173, -503.160309
$Orientation:
	0.988830, 0.000000, -0.149049,
	0.000000, 1.000000, -0.000000,
	0.149049, -0.000000, 0.988830
$IFF: IFF 1
$AI Behavior: None
$Cargo 1: Nothing
+Initial Velocity: 33
+Initial Hull: 100
+Initial Shields: 100
+Subsystem: Pilot
+Subsystem: turret01
+Subsystem: turret02
+Subsystem: turret03
+Subsystem: turret04
$Arrival Location: Hyperspace
$Arrival Cue: ( false ) 
$Departure Location: Hyperspace
$Departure Cue: ( false ) 
$Determination: 10
+Flags: ( "no-shields" )
+Orders Accepted: 0		;! note that this is a bitfield!!!
+Group: 0
+Score: 30

$Name: SC 10		;! Object #14
$Class: SC 5
$Team: Friendly
$Location: -249.448608, 1.613809, -7.207370
$Orientation:
	1.000000, 0.000000, 0.000000,
	0.000000, 1.000000, 0.000000,
	0.000000, 0.000000, 1.000000
$IFF: IFF 1
$AI Behavior: None
$Cargo 1: Unknown Mineral
+Initial Velocity: 33
+Initial Hull: 100
+Initial Shields: 100
+Subsystem: Pilot
$Arrival Location: Hyperspace
$Arrival Cue: ( true ) 
$Departure Location: Hyperspace
$Departure Cue: ( false ) 
$Determination: 10
+Flags: ( "no-shields" )
+Group: 0

$Name: SC 11		;! Object #15
$Class: SC 5
$Team: Friendly
$Location: 49.956982, 7.150321, -8.946488
$Orientation:
	1.000000, 0.000000, 0.000000,
	0.000000, 1.000000, 0.000000,
	0.000000, 0.000000, 1.000000
$IFF: IFF 1
$AI Behavior: None
$Cargo 1: Unknown Mineral
+Initial Velocity: 33
+Initial Hull: 100
+Initial Shields: 100
+Subsystem: Pilot
$Arrival Location: Hyperspace
$Arrival Cue: ( true ) 
$Departure Location: Hyperspace
$Departure Cue: ( false ) 
$Determination: 10
+Flags: ( "no-shields" )
+Group: 0

$Name: SC 12		;! Object #16
$Class: SC 5
$Team: Friendly
$Location: 207.991623, 0.000476, -8.252560
$Orientation:
	1.000000, 0.000000, 0.000000,
	0.000000, 1.000000, 0.000000,
	0.000000, 0.000000, 1.000000
$IFF: IFF 1
$AI Behavior: None
$Cargo 1: Unknown Mineral
+Initial Velocity: 33
+Initial Hull: 100
+Initial Shields: 100
+Subsystem: Pilot
$Arrival Location: Hyperspace
$Arrival Cue: ( true ) 
$Departure Location: Hyperspace
$Departure Cue: ( false ) 
$Determination: 10
+Flags: ( "no-shields" )
+Group: 0

$Name: Durga 3		;! Object #17
$Class: SFR Mephisto
$Team: Hostile
$Location: 1517.501831, 693.126465, -967.301636
$Orientation:
	0.989382, 0.000000, -0.145337,
	0.000000, 1.000000, 0.000001,
	0.145337, -0.000001, 0.989382
$IFF: IFF 1
$AI Behavior: None
$Cargo 1: Nothing
+Initial Hull: 100
+Initial Shields: 100
+Subsystem: Pilot
+Subsystem: turret01
+Subsystem: turret02
+Subsystem: turret03
+Subsystem: turret04
$Arrival Location: Hyperspace
$Arrival Cue: ( false ) 
$Departure Location: Hyperspace
$Departure Cue: ( false ) 
$Determination: 10
+Flags: ( "no-shields" )
+Orders Accepted: 0		;! note that this is a bitfield!!!
+Group: 0
+Score: 30

$Name: SFR Loche		;! Object #18
$Class: SFR Asmodeus
$Team: Hostile
$Location: -876.993408, 634.037170, -1216.846436
$Orientation:
	0.445578, 0.000000, -0.895243,
	0.189740, 0.977282, 0.094437,
	0.874905, -0.211942, 0.435456
$IFF: IFF 1
$AI Behavior: None
$AI Goals: ( goals ( ai-waypoints-once "Loche Path" 89 ) )
$Cargo 1: Nothing
+Initial Velocity: 33
+Initial Hull: 100
+Initial Shields: 100
+Subsystem: Pilot
+Subsystem: a-turret01
+Subsystem: a-turret02
+Subsystem: a-turret03
+Subsystem: a-turret04
$Arrival Location: Hyperspace
$Arrival Cue: ( true ) 
$Departure Location: Hyperspace
$Departure Cue: ( are-waypoints-done-delay
   "SFR Loche"
   "Loche Path"
   5
)
$Determination: 10
+Flags: ( "no-shields" )
+Orders Accepted: 0		;! note that this is a bitfield!!!
+Group: 0
+Score: 30

$Name: SAC 3		;! Object #19
$Class: SAC 2
$Team: Friendly
$Location: -98.613083, -0.000461, -185.588089
$Orientation:
	1.000000, 0.000000, 0.000000,
	0.000000, 1.000000, 0.000000,
	0.000000, 0.000000, 1.000000
$IFF: IFF 1
$AI Behavior: None
$Cargo 1: Unknown Mineral
+Initial Hull: 100
+Initial Shields: 100
+Subsystem: Pilot
$Arrival Location: Hyperspace
$Arrival Cue: ( true ) 
$Departure Location: Hyperspace
$Departure Cue: ( false ) 
$Determination: 10
+Flags: ( "no-shields" )
+Group: 0

$Name: SAC 4		;! Object #20
$Class: SAC 2
$Team: Friendly
$Location: -98.002747, -0.001248, -92.560677
$Orientation:
	1.000000, 0.000000, 0.000000,
	0.000000, 1.000000, 0.000000,
	0.000000, 0.000000, 1.000000
$IFF: IFF 1
$AI Behavior: None
$Cargo 1: Dragon Parts
+Initial Velocity: 33
+Initial Hull: 100
+Initial Shields: 100
+Subsystem: Pilot
$Arrival Location: Hyperspace
$Arrival Cue: ( true ) 
$Departure Location: Hyperspace
$Departure Cue: ( false ) 
$Determination: 10
+Flags: ( "no-shields" )
+Group: 0

$Name: SAC 5		;! Object #21
$Class: SAC 2
$Team: Friendly
$Location: -96.767227, 0.000100, 95.759392
$Orientation:
	1.000000, 0.000000, 0.000000,
	0.000000, 1.000000, 0.000000,
	0.000000, 0.000000, 1.000000
$IFF: IFF 1
$AI Behavior: None
$Cargo 1: Unknown Mineral
+Initial Velocity: 33
+Initial Hull: 100
+Initial Shields: 100
+Subsystem: Pilot
$Arrival Location: Hyperspace
$Arrival Cue: ( false ) 
$Departure Location: Hyperspace
$Departure Cue: ( false ) 
$Determination: 10
+Flags: ( "no-shields" )
+Group: 0

$Name: Vishnu 1		;! Object #22
$Class: SF Scorpion
$Team: Hostile
$Location: 960.300659, -0.000165, -1239.177124
$Orientation:
	0.811748, 0.000000, 0.584008,
	0.000000, 1.000000, 0.000000,
	-0.584008, 0.000000, 0.811748
$IFF: IFF 1
$AI Behavior: None
$Cargo 1: Nothing
+Initial Velocity: 33
+Initial Hull: 100
+Subsystem: Pilot
$Arrival Location: Hyperspace
$Arrival Cue: ( false ) 
$Departure Location: Hyperspace
$Departure Cue: ( false ) 
$Determination: 10
+Flags: ( )
+Orders Accepted: 0		;! note that this is a bitfield!!!
+Group: 0
+Score: 10

$Name: Vishnu 2		;! Object #23
$Class: SF Scorpion
$Team: Hostile
$Location: 1206.758179, -0.000095, -1239.177124
$Orientation:
	0.756498, 0.000000, 0.653997,
	0.000000, 1.000000, 0.000000,
	-0.653997, 0.000000, 0.756498
$IFF: IFF 1
$AI Behavior: None
$Cargo 1: Nothing
+Initial Velocity: 33
+Initial Hull: 100
+Subsystem: Pilot
$Arrival Location: Hyperspace
$Arrival Cue: ( false ) 
$Departure Location: Hyperspace
$Departure Cue: ( false ) 
$Determination: 10
+Flags: ( )
+Orders Accepted: 0		;! note that this is a bitfield!!!
+Group: 0
+Score: 10

$Name: Vishnu 3		;! Object #24
$Class: SF Scorpion
$Team: Hostile
$Location: 1012.820618, -0.000019, -676.856934
$Orientation:
	0.632371, 0.000000, 0.774665,
	0.000000, 1.000000, 0.000000,
	-0.774665, 0.000000, 0.632371
$IFF: IFF 1
$AI Behavior: None
$Cargo 1: Nothing
+Initial Velocity: 33
+Initial Hull: 100
+Subsystem: Pilot
$Arrival Location: Hyperspace
$Arrival Cue: ( false ) 
$Departure Location: Hyperspace
$Departure Cue: ( false ) 
$Determination: 10
+Flags: ( )
+Orders Accepted: 0		;! note that this is a bitfield!!!
+Group: 0
+Score: 10

$Name: Vishnu 4		;! Object #25
$Class: SF Scorpion
$Team: Hostile
$Location: 1244.229736, 0.000060, -693.724304
$Orientation:
	0.560076, 0.000000, 0.828441,
	0.000000, 1.000000, 0.000000,
	-0.828441, 0.000000, 0.560076
$IFF: IFF 1
$AI Behavior: None
$Cargo 1: Nothing
+Initial Velocity: 33
+Initial Hull: 100
+Subsystem: Pilot
$Arrival Location: Hyperspace
$Arrival Cue: ( false ) 
$Departure Location: Hyperspace
$Departure Cue: ( false ) 
$Determination: 10
+Flags: ( )
+Orders Accepted: 0		;! note that this is a bitfield!!!
+Group: 0
+Score: 10

$Name: SC Hydrus		;! Object #26
$Class: SC Cain
$Team: Hostile
$Location: -2.100000, -1044.500000, -2369.199951
$Orientation:
	0.999256, 0.000000, 0.038575,
	0.015536, 0.915316, -0.402436,
	-0.035309, 0.402736, 0.914635
$IFF: IFF 1
$AI Behavior: None
$AI Goals: ( goals ( ai-chase "SC 12" 89 ) ( ai-chase "SC 8" 89 ) ( ai-chase "SC 9" 89 ) ( ai-chase "SC 10" 89 ) ( ai-chase-wing "Alpha" 20 ) )
$Cargo 1: Nothing
+Initial Velocity: 33
+Initial Hull: 100
+Initial Shields: 100
+Subsystem: Pilot
+Subsystem: turret01
+Subsystem: turret02
+Subsystem: turret03
+Subsystem: turret04
+Subsystem: turret05
+Subsystem: turret06
+Subsystem: turret07
+Subsystem: turret08
+Subsystem: turret09
$Arrival Location: Hyperspace
$Arrival Cue: ( has-arrived-delay 2 "SC Scimitar" ) 
$Departure Location: Hyperspace
$Departure Cue: ( is-goal-false-delay
   "Capture cargo"
   0
)
$Determination: 10
+Flags: ( "no-shields" "escort" )
+Orders Accepted: 0		;! note that this is a bitfield!!!
+Group: 0
+Score: 150

$Name: SAC 6		;! Object #27
$Class: SAC 2
$Team: Friendly
$Location: -103.480698, -0.000056, 210.230515
$Orientation:
	1.000000, 0.000000, 0.000000,
	0.000000, 1.000000, 0.000000,
	0.000000, 0.000000, 1.000000
$IFF: IFF 1
$AI Behavior: None
$Cargo 1: Unknown Mineral
+Initial Velocity: 33
+Initial Hull: 100
+Initial Shields: 100
+Subsystem: Pilot
$Arrival Location: Hyperspace
$Arrival Cue: ( true ) 
$Departure Location: Hyperspace
$Departure Cue: ( false ) 
$Determination: 10
+Flags: ( "no-shields" )
+Group: 0

$Name: SC Scimitar		;! Object #28
$Class: SC Lilith
$Team: Hostile
$Location: 3.474964, 0.005540, 1488.828369
$Orientation:
	0.584249, -0.810743, 0.036730,
	-0.683594, -0.467219, 0.560720,
	-0.437439, -0.352709, -0.827191
$IFF: IFF 1
$AI Behavior: None
$AI Goals: ( goals ( ai-chase "SAC 3" 89 ) ( ai-chase "SAC 5" 89 ) ( ai-chase "SAC 6" 89 ) ( ai-chase "SAC 1" 89 ) ( ai-chase-wing "Beta" 20 ) )
$Cargo 1: Nothing
+Initial Velocity: 33
+Initial Hull: 100
+Initial Shields: 100
+Subsystem: Pilot
+Subsystem: turret01
+Subsystem: turret02
+Subsystem: turret03
+Subsystem: turret04
+Subsystem: turret05
+Subsystem: turret06
+Subsystem: turret07
+Subsystem: turret08
+Subsystem: turret09
$Arrival Location: Hyperspace
+Arrival Delay: 120
$Arrival Cue: ( true ) 
$Departure Location: Hyperspace
$Departure Cue: ( false ) 
$Determination: 10
+Flags: ( "no-shields" "escort" )
+Orders Accepted: 0		;! note that this is a bitfield!!!
+Group: 0
+Score: 150

$Name: SC Tyannis		;! Object #29
$Class: SC Lilith
$Team: Hostile
$Location: -1067.998657, -755.928284, -888.899780
$Orientation:
	0.686328, 0.000000, -0.727292,
	0.187879, 0.966058, 0.177297,
	0.702606, -0.258327, 0.663033
$IFF: IFF 1
$AI Behavior: None
$AI Goals: ( goals ( ai-chase-wing "Beta" 50 ) ( ai-chase-wing "Alpha" 50 ) )
$Cargo 1: Nothing
+Initial Velocity: 33
+Initial Hull: 100
+Initial Shields: 100
+Subsystem: Pilot
+Subsystem: turret01
+Subsystem: turret02
+Subsystem: turret03
+Subsystem: turret04
+Subsystem: turret05
+Subsystem: turret06
+Subsystem: turret07
+Subsystem: turret08
+Subsystem: turret09
$Arrival Location: Hyperspace
$Arrival Cue: ( true ) 
$Departure Location: Hyperspace
$Departure Cue: ( false ) 
$Determination: 10
+Flags: ( "no-shields" "escort" )
+Orders Accepted: 0		;! note that this is a bitfield!!!
+Group: 0
+Score: 150

$Name: Kali 1		;! Object #30
$Class: ST Azrael
$Team: Hostile
$Location: -1795.681030, -0.001324, -905.621643
$Orientation:
	1.000000, 0.000000, 0.000000,
	0.000000, 1.000000, 0.000000,
	0.000000, 0.000000, 1.000000
$IFF: IFF 1
$AI Behavior: None
$Cargo 1: Unknown Weapons
+Initial Velocity: 33
+Initial Hull: 100
+Initial Shields: 100
+Subsystem: Pilot
+Subsystem: turret01a
+Subsystem: turret02a
+Subsystem: turret03a
$Arrival Location: Hyperspace
$Arrival Cue: ( false ) 
$Departure Location: Hyperspace
$Departure Cue: ( false ) 
$Determination: 10
+Flags: ( "no-shields" )
+Orders Accepted: 0		;! note that this is a bitfield!!!
+Group: 0
+Score: 10

$Name: Kali 2		;! Object #31
$Class: ST Azrael
$Team: Hostile
$Location: -1559.347290, -0.000918, -866.266907
$Orientation:
	1.000000, 0.000000, 0.000000,
	0.000000, 1.000000, 0.000000,
	0.000000, 0.000000, 1.000000
$IFF: IFF 1
$AI Behavior: None
$Cargo 1: Unknown Weapons
+Initial Velocity: 33
+Initial Hull: 100
+Initial Shields: 100
+Subsystem: Pilot
+Subsystem: turret01a
+Subsystem: turret02a
+Subsystem: turret03a
$Arrival Location: Hyperspace
$Arrival Cue: ( false ) 
$Departure Location: Hyperspace
$Departure Cue: ( false ) 
$Determination: 10
+Flags: ( "no-shields" )
+Orders Accepted: 0		;! note that this is a bitfield!!!
+Group: 0
+Score: 10

$Name: Kali 3		;! Object #32
$Class: ST Azrael
$Team: Hostile
$Location: -1283.344971, -0.000453, -905.624329
$Orientation:
	1.000000, 0.000000, 0.000000,
	0.000000, 1.000000, 0.000000,
	0.000000, 0.000000, 1.000000
$IFF: IFF 1
$AI Behavior: None
$Cargo 1: Unknown Weapons
+Initial Velocity: 33
+Initial Hull: 100
+Initial Shields: 100
+Subsystem: Pilot
+Subsystem: turret01a
+Subsystem: turret02a
+Subsystem: turret03a
$Arrival Location: Hyperspace
$Arrival Cue: ( false ) 
$Departure Location: Hyperspace
$Departure Cue: ( false ) 
$Determination: 10
+Flags: ( "no-shields" )
+Orders Accepted: 0		;! note that this is a bitfield!!!
+Group: 0
+Score: 10

$Name: Rama 1		;! Object #33
$Class: SF Manticore
$Team: Hostile
$Location: -738.585449, -0.000013, -1969.504517
$Orientation:
	0.950484, 0.000000, -0.310775,
	0.000000, 1.000000, 0.000000,
	0.310775, 0.000000, 0.950484
$IFF: IFF 1
$AI Behavior: None
$Cargo 1: Nothing
+Subsystem: Pilot
$Arrival Location: Hyperspace
$Arrival Cue: ( false ) 
$Departure Location: Hyperspace
$Departure Cue: ( false ) 
$Determination: 10
+Flags: ( )
+Orders Accepted: 0		;! note that this is a bitfield!!!
+Group: 0
+Score: 10

$Name: Rama 2		;! Object #34
$Class: SF Manticore
$Team: Hostile
$Location: -267.515747, -0.001027, -2391.679688
$Orientation:
	0.997375, 0.000000, -0.072407,
	0.000000, 1.000000, 0.000000,
	0.072407, 0.000000, 0.997375
$IFF: IFF 1
$AI Behavior: None
$Cargo 1: Nothing
+Subsystem: Pilot
$Arrival Location: Hyperspace
$Arrival Cue: ( false ) 
$Departure Location: Hyperspace
$Departure Cue: ( false ) 
$Determination: 10
+Flags: ( )
+Orders Accepted: 0		;! note that this is a bitfield!!!
+Group: 0
+Score: 10

$Name: Rama 3		;! Object #35
$Class: SF Manticore
$Team: Hostile
$Location: 411.074799, 0.000625, -2371.384277
$Orientation:
	0.978141, 0.000000, 0.207942,
	0.000000, 1.000000, 0.000000,
	-0.207942, 0.000000, 0.978141
$IFF: IFF 1
$AI Behavior: None
$Cargo 1: Nothing
+Subsystem: Pilot
$Arrival Location: Hyperspace
$Arrival Cue: ( false ) 
$Departure Location: Hyperspace
$Departure Cue: ( false ) 
$Determination: 10
+Flags: ( )
+Orders Accepted: 0		;! note that this is a bitfield!!!
+Group: 0
+Score: 10

$Name: Rama 4		;! Object #36
$Class: SF Manticore
$Team: Hostile
$Location: 726.092834, -0.001427, -1899.231445
$Orientation:
	0.918346, 0.000000, 0.395779,
	0.000000, 1.000000, -0.000001,
	-0.395779, 0.000001, 0.918346
$IFF: IFF 1
$AI Behavior: None
$Cargo 1: Nothing
+Subsystem: Pilot
$Arrival Location: Hyperspace
$Arrival Cue: ( false ) 
$Departure Location: Hyperspace
$Departure Cue: ( false ) 
$Determination: 10
+Flags: ( )
+Orders Accepted: 0		;! note that this is a bitfield!!!
+Group: 0
+Score: 10

$Name: Arjuna 1		;! Object #37
$Class: SF Basilisk
$Team: Hostile
$Location: 252.300003, 371.299988, -1282.199951
$Orientation:
	0.965619, 0.000000, 0.259961,
	-0.069859, 0.963216, 0.259489,
	-0.250398, -0.268728, 0.930100
$IFF: IFF 1
$AI Behavior: None
$Cargo 1: Nothing
+Initial Velocity: 33
+Subsystem: Pilot
$Arrival Location: Hyperspace
$Arrival Cue: ( false ) 
$Departure Location: Hyperspace
$Departure Cue: ( false ) 
$Determination: 10
+Flags: ( )
+Orders Accepted: 0		;! note that this is a bitfield!!!
+Group: 0
+Score: 12

$Name: Arjuna 2		;! Object #38
$Class: SF Basilisk
$Team: Hostile
$Location: 398.655396, 473.426819, -1282.200073
$Orientation:
	0.933818, 0.000000, 0.357747,
	-0.116376, 0.945610, 0.303772,
	-0.338289, -0.325301, 0.883028
$IFF: IFF 1
$AI Behavior: None
$Cargo 1: Nothing
+Initial Velocity: 33
+Subsystem: Pilot
$Arrival Location: Hyperspace
$Arrival Cue: ( false ) 
$Departure Location: Hyperspace
$Departure Cue: ( false ) 
$Determination: 10
+Flags: ( )
+Orders Accepted: 0		;! note that this is a bitfield!!!
+Group: 0
+Score: 12

$Name: Arjuna 3		;! Object #39
$Class: SF Basilisk
$Team: Hostile
$Location: 558.601624, 276.044891, -1118.171509
$Orientation:
	0.864346, 0.000000, 0.502898,
	-0.104686, 0.978094, 0.179927,
	-0.491881, -0.208166, 0.845411
$IFF: IFF 1
$AI Behavior: None
$Cargo 1: Nothing
+Initial Velocity: 33
+Subsystem: Pilot
$Arrival Location: Hyperspace
$Arrival Cue: ( false ) 
$Departure Location: Hyperspace
$Departure Cue: ( false ) 
$Determination: 10
+Flags: ( )
+Orders Accepted: 0		;! note that this is a bitfield!!!
+Group: 0
+Score: 12

$Name: Arjuna 4		;! Object #40
$Class: SF Basilisk
$Team: Hostile
$Location: 736.660706, 318.695160, -920.088135
$Orientation:
	0.743441, 0.000000, 0.668801,
	-0.166288, 0.968597, 0.184846,
	-0.647799, -0.248635, 0.720095
$IFF: IFF 1
$AI Behavior: None
$Cargo 1: Nothing
+Initial Velocity: 33
+Subsystem: Pilot
$Arrival Location: Hyperspace
$Arrival Cue: ( false ) 
$Departure Location: Hyperspace
$Departure Cue: ( false ) 
$Determination: 10
+Flags: ( )
+Orders Accepted: 0		;! note that this is a bitfield!!!
+Group: 0
+Score: 12

$Name: Krishna 1		;! Object #41
$Class: SF Scorpion
$Team: Hostile
$Location: -431.403931, -330.945374, -1338.600098
$Orientation:
	0.970321, 0.000000, -0.241819,
	0.000000, 1.000000, 0.000000,
	0.241819, 0.000000, 0.970321
$IFF: IFF 1
$AI Behavior: None
$Cargo 1: Nothing
+Initial Velocity: 33
+Initial Hull: 100
+Subsystem: Pilot
$Arrival Location: Hyperspace
$Arrival Cue: ( false ) 
$Departure Location: Hyperspace
$Departure Cue: ( false ) 
$Determination: 10
+Flags: ( )
+Orders Accepted: 0		;! note that this is a bitfield!!!
+Group: 0
+Score: 10

$Name: Krishna 2		;! Object #42
$Class: SF Scorpion
$Team: Hostile
$Location: -182.895798, -384.788971, -1307.133423
$Orientation:
	0.997017, 0.000000, -0.077188,
	0.000000, 1.000000, 0.000000,
	0.077188, 0.000000, 0.997017
$IFF: IFF 1
$AI Behavior: None
$Cargo 1: Nothing
+Initial Velocity: 33
+Initial Hull: 100
+Subsystem: Pilot
$Arrival Location: Hyperspace
$Arrival Cue: ( false ) 
$Departure Location: Hyperspace
$Departure Cue: ( false ) 
$Determination: 10
+Flags: ( )
+Orders Accepted: 0		;! note that this is a bitfield!!!
+Group: 0
+Score: 10

$Name: Krishna 3		;! Object #43
$Class: SF Scorpion
$Team: Hostile
$Location: -4.136054, 249.979996, -1316.168579
$Orientation:
	0.997880, 0.000000, 0.065078,
	0.000000, 1.000000, 0.000000,
	-0.065078, 0.000000, 0.997880
$IFF: IFF 1
$AI Behavior: None
$Cargo 1: Nothing
+Initial Hull: 100
+Subsystem: Pilot
$Arrival Location: Hyperspace
$Arrival Cue: ( false ) 
$Departure Location: Hyperspace
$Departure Cue: ( false ) 
$Determination: 10
+Flags: ( )
+Orders Accepted: 0		;! note that this is a bitfield!!!
+Group: 0
+Score: 12

$Name: Epsilon 1		;! Object #44
$Class: GTF Hercules
$Team: Friendly
$Location: 206.562241, -160.000229, -3286.109375
$Orientation:
	1.000000, 0.000000, 0.000000,
	0.000000, 1.000000, 0.000000,
	0.000000, 0.000000, 1.000000
$IFF: IFF 1
$AI Behavior: None
+AI Class: Major
$Cargo 1: Nothing
+Initial Velocity: 33
+Initial Hull: 100
+Subsystem: Pilot
+Primary Banks: ( "Prometheus" "Banshee" )
+Secondary Banks: ( "Interceptor" "Hornet" )
$Arrival Location: Hyperspace
